height;year;suntime;treatment
20.30582785;1;3.34;1
37.56958201;1;4.65;1
22.05512522;1;5.28;1
14.01628708;1;3.57;1
31.41060155;1;3.08;1
15.20637888;1;4.69;1
18.31302517;1;4.23;1
29.59751093;1;4.98;1
37.22154684;1;5.38;1
25.22945387;1;3.1;1
25.99069668;1;3.54;1
19.03897511;1;4.12;1
29.05135216;1;3.66;1
29.46462377;1;4.31;1
42.12227731;2;3.51;1
46.04611052;2;3.35;1
65.92429094;2;3.85;1
69.25274434;2;5.2;1
52.50464872;2;4.3;1
58.53638811;2;5.07;1
63.30602867;2;5.2;1
56.97021701;2;4.75;1
36.56997006;2;3.37;1
44.06988008;2;3.41;1
51.40366178;2;3.18;1
58.12017856;2;4.1;1
48.22629713;2;3.98;1
70.06468909;2;5.41;1
62.93860916;3;3.18;1
104.885804;3;5.38;1
75.66607495;3;4;1
72.67278703;3;2.96;1
68.88563222;3;3.54;1
64.59547217;3;2.88;1
44.34928097;3;2.84;1
95.26903046;3;4.12;1
84.04776954;3;4.41;1
94.88098681;3;4.41;1
72.77945464;3;3.87;1
71.70991341;3;3.87;1
90.98616392;3;5;1
69.73416952;3;3.44;1
122.0653346;4;5.03;1
104.8610854;4;4.24;1
116.9723837;4;5.31;1
110.0426861;4;4.28;1
110.3899249;4;4.85;1
73.89813401;4;2.99;1
120.3739004;4;4.94;1
115.3051218;4;4.51;1
112.1911724;4;3.84;1
102.3330421;4;4.33;1
133.137056;4;5.29;1
125.1188125;4;5.44;1
142.5193533;4;5.32;1
96.23649519;4;3.83;1
124.0684935;5;3.49;1
125.7527835;5;3.5;1
106.4813099;5;3.33;1
109.797837;5;3.17;1
139.3753926;5;4.49;1
111.2698684;5;3.27;1
160.2879033;5;5.14;1
154.2257442;5;5.47;1
166.9165084;5;5.46;1
159.186809;5;5.21;1
152.7930983;5;5.2;1
116.1377557;5;3.23;1
157.5928231;5;5.31;1
162.1307155;5;5.03;1
189.194221;6;5.04;1
176.0725165;6;4.74;1
130.9543625;6;3.22;1
189.0016401;6;5.06;1
125.1891513;6;2.86;1
187.8147611;6;5.28;1
134.0705378;6;2.91;1
168.8436894;6;4.69;1
157.8947884;6;4;1
149.6131026;6;3.65;1
195.6064025;6;5.34;1
189.6376609;6;5.02;1
136.8433606;6;3.37;1
136.0790717;6;3.05;1
38.04411156;1;4.07;2
28.92618532;1;2.94;2
39.15719529;1;5.42;2
29.92561527;1;4.91;2
33.54252731;1;3.68;2
28.19745591;1;4.45;2
31.39966189;1;4.73;2
37.85063779;1;3.71;2
29.56539344;1;3.31;2
32.8668052;1;3.87;2
29.23666836;1;3.67;2
33.38798179;1;5;2
40.88894629;1;3.43;2
28.76183674;1;4.49;2
48.03186815;2;4.08;2
57.83146239;2;4.03;2
57.33470698;2;5.31;2
61.65050746;2;4.75;2
55.31534747;2;4.35;2
45.2334652;2;5.29;2
65.29671708;2;5.09;2
64.16876687;2;3.88;2
50.52980164;2;3.55;2
55.81379468;2;4.2;2
54.96056278;2;4.03;2
68.65801839;2;3.65;2
61.84109884;2;3.28;2
54.88023025;2;4.19;2
97.24195838;3;4.89;2
90.51704711;3;3.6;2
90.13552176;3;4.03;2
84.96417912;3;3.86;2
88.27130454;3;4.08;2
85.75497291;3;3.08;2
82.54245165;3;4.4;2
73.63184322;3;3.3;2
79.56312894;3;3.15;2
105.5065603;3;5.45;2
92.31389514;3;4.97;2
105.636305;3;5.15;2
80.00800527;3;3.56;2
71.41840203;3;2.91;2
129.6565192;4;4.66;2
129.2108748;4;4.86;2
93.42984419;4;3.4;2
100.7759429;4;3.7;2
109.0180086;4;3.79;2
98.17395913;4;3.28;2
102.0023913;4;2.85;2
135.6124579;4;5.08;2
103.6464612;4;3.83;2
96.62908022;4;2.82;2
107.4154122;4;3.07;2
112.1986741;4;3.97;2
114.7601647;4;3.85;2
139.399039;4;4.41;2
150.0995761;5;3.93;2
130.6361765;5;3.47;2
132.8271856;5;3.91;2
167.9408747;5;5.23;2
154.9088604;5;4.52;2
155.7357289;5;4.75;2
144.9862711;5;4.19;2
168.1903405;5;4.54;2
171.8751233;5;4.58;2
161.1075072;5;4.68;2
136.2645804;5;3.98;2
157.0316624;5;4.45;2
171.2573672;5;5.05;2
123.5595872;5;3.02;2
183.5161646;6;4.28;2
187.7876923;6;4.68;2
177.461869;6;4.35;2
173.0584658;6;3.66;2
161.041805;6;3.57;2
195.7215134;6;5;2
202.6124708;6;4.67;2
167.7031166;6;3.71;2
159.4006414;6;2.91;2
203.5265711;6;5.25;2
201.5778431;6;5.06;2
194.5964315;6;4.55;2
182.1892294;6;4.12;2
156.4521804;6;3.27;2
30.01852186;1;4.83;3
27.22650393;1;5.45;3
30.3290033;1;3.45;3
38.63441314;1;5.3;3
33.81771531;1;5.48;3
23.14159833;1;2.91;3
32.97581293;1;3.66;3
32.31240714;1;5.13;3
40.04622963;1;4.07;3
33.17752682;1;5.41;3
13.25170644;1;3.61;3
16.17822789;1;3.03;3
39.07272821;1;5.02;3
26.78617978;1;4.76;3
43.73892023;2;3.19;3
56.89980244;2;4.11;3
52.32919904;2;4.72;3
52.31770611;2;3.05;3
66.21842845;2;5;3
39.12849692;2;3.4;3
61.85981179;2;5.07;3
56.41877723;2;3.22;3
65.50956015;2;4.55;3
56.77305905;2;4.84;3
40.66534281;2;3.78;3
66.14518678;2;5.32;3
45.90797515;2;3.6;3
59.29088217;2;3.73;3
79.46452881;3;3.95;3
88.99540211;3;4.45;3
72.59557105;3;4.09;3
78.21242376;3;4.61;3
67.44288001;3;2.86;3
65.17194284;3;3.15;3
83.67890008;3;5.15;3
82.00307293;3;4.7;3
81.04813856;3;4.83;3
79.04402539;3;4.19;3
82.00533189;3;4.37;3
63.03378359;3;3.3;3
82.48687459;3;4.09;3
65.46531675;3;3.51;3
112.2790342;4;5;3
119.2331876;4;4.84;3
105.6175225;4;3.91;3
108.2837701;4;4.13;3
63.88775963;4;2.87;3
81.93587987;4;3.67;3
81.51298461;4;3.41;3
93.90133754;4;3.1;3
118.3510964;4;5.23;3
77.59350293;4;2.85;3
88.20089389;4;3.26;3
95.0724201;4;4;3
128.9119652;4;5.36;3
102.4602797;4;3.44;3
147.9869277;5;5.49;3
152.9378482;5;4.96;3
143.2550909;5;4.3;3
147.428874;5;4.99;3
108.8243903;5;3.04;3
116.5267248;5;3.22;3
163.0787713;5;4.93;3
95.218766;5;3.03;3
108.5949751;5;2.96;3
161.1297425;5;5.33;3
138.0910429;5;4.63;3
126.9861345;5;3.22;3
137.5831785;5;4.21;3
112.8183968;5;2.88;3
150.0580724;6;3.93;3
191.3426703;6;5.05;3
182.0460169;6;5.17;3
137.6352048;6;3.35;3
185.734203;6;4.99;3
193.8260751;6;5.48;3
131.6783105;6;3.05;3
168.1394557;6;4.19;3
114.8302941;6;2.94;3
136.892751;6;3.14;3
181.7254237;6;5.11;3
153.8318203;6;3.6;3
164.5502686;6;4.46;3
140.1270444;6;3.11;3
